r1<-c(1,2,3)
r2<-c(4,5,6)
r3<-c(7,8,9)
rbind(r1,r2,r3) 
# [,1] [,2] [,3]
# r1    1    2    3
# r2    4    5    6
# r3    7    8    9
rbind(c(1,2,3),c(4,5,6),c(7,8,9)) 
# [,1] [,2] [,3]
# [1,]    1    2    3
# [2,]    4    5    6
# [3,]    7    8    9
#  
c1<-1:3
c2<-4:6
c3<-7:9
cbind(c1,c2,c3)
# c1 c2 c3
# [1,]  1  4  7
# [2,]  2  5  8
# [3,]  3  6  9
# 
m1<-1:9
dim(m1)<-c(3,3)
m1
# [,1] [,2] [,3]
# [1,]    1    4    7
# [2,]    2    5    8
# [3,]    3    6    9